Data_id,BMS_Num,internal tempture(*C),TS1_tempture(*C),ts3 tempture(*C),cell current(mA),Stack Voltage(mV),cell_voltage1,cell_voltage2,cell_voltage3,cell_voltage4,cell_voltage5,cell_voltage6,cell_voltage7,cell_voltage8,cell_voltage9,cell_voltage10,cell_voltage11,cell_voltage12,cell_voltage13,cell_voltage14,cell_voltage15,cell_voltage16,cell_voltage17,cell_voltage18,cell_voltage19,cell_voltage20,SOC,SOH,Current_Time
1,bms 1,29.25,27.25,27.25,15,24427,2443,2443,2443,2442,2442,2442,2444,2443,2442,2443,2443,2443,2443,2442,2442,2442,2444,2443,2442,2443,72.05127477645874,100,2022-11-03 18:11:16.621354
2,bms 1,29.25,27.25,27.25,15,24427,2443,2443,2443,2442,2442,2442,2444,2443,2442,2443,2443,2443,2443,2442,2442,2442,2444,2443,2442,2443,72.05127477645874,100,2022-11-03 18:11:16.915123
3,bms 1,29.25,27.25,27.25,15,24427,2443,2443,2443,2442,2442,2442,2444,2443,2442,2443,2443,2443,2443,2442,2442,2442,2444,2443,2442,2443,72.05127477645874,100,2022-11-03 18:11:17.205332
4,bms 1,29.25,27.25,27.25,15,24427,2443,2443,2443,2442,2442,2442,2444,2443,2442,2443,2443,2443,2443,2442,2442,2442,2444,2443,2442,2443,72.05127477645874,100,2022-11-03 18:11:17.970268
5,bms 1,29.25,27.25,27.25,15,24427,2443,2443,2443,2442,2442,2442,2444,2443,2442,2443,2443,2443,2443,2442,2442,2442,2444,2443,2442,2443,72.05127477645874,100,2022-11-03 18:11:18.907715
6,bms 1,29.25,27.25,27.25,15,24427,2443,2443,2443,2442,2442,2442,2444,2443,2442,2443,2443,2443,2443,2442,2442,2442,2444,2443,2442,2443,72.05127477645874,100,2022-11-03 18:11:19.809157
7,bms 1,29.25,27.25,27.25,15,24427,2443,2443,2443,2442,2442,2442,2444,2443,2442,2443,2443,2443,2443,2442,2442,2442,2444,2443,2442,2443,72.05127477645874,100,2022-11-03 18:11:20.745993
8,bms 1,29.25,27.25,27.25,15,24427,2443,2443,2443,2442,2442,2442,2444,2443,2442,2443,2443,2443,2443,2442,2442,2442,2444,2443,2442,2443,72.05127477645874,100,2022-11-03 18:11:21.645598
9,bms 1,29.25,27.25,27.25,15,24427,2443,2443,2443,2442,2442,2442,2444,2443,2442,2443,2443,2443,2443,2442,2442,2442,2444,2443,2442,2443,72.05127477645874,100,2022-11-03 18:11:22.607969
10,bms 1,29.25,27.25,27.25,15,24427,2443,2443,2443,2442,2442,2442,2444,2443,2442,2443,2443,2443,2443,2442,2442,2442,2444,2443,2442,2443,72.05127477645874,100,2022-11-03 18:11:23.494012
